[header]
width=64
height=16
tilewidth=16
tileheight=16
orientation=orthogonal

[tilesets]
tileset=GamingDesgin/sprites.png,16,16,0,0

[layer]
type=Tile Layer 1
data=
0,0,0,0,0,0,0,0,0,0,0,0,0,0,0,0,0,0,0,0,0,0,0,0,0,0,0,0,0,0,0,0,0,0,0,0,0,0,0,0,0,0,0,0,0,0,0,0,0,0,0,0,0,0,0,0,0,0,0,0,0,0,0,0,
0,0,0,0,0,113,0,0,116,0,0,0,97,98,0,0,0,114,115,0,0,0,0,0,0,0,0,113,0,0,0,97,98,0,0,0,0,114,115,0,0,0,0,116,0,0,0,0,0,0,113,0,0,0,97,98,0,0,0,0,113,0,0,0,
0,0,0,97,98,0,0,0,0,0,0,0,0,0,0,0,113,0,0,0,0,97,98,0,114,115,0,0,116,0,0,0,0,0,0,0,0,0,0,0,0,0,0,0,0,0,0,97,98,0,0,0,0,0,0,0,0,0,0,0,0,0,0,0,
0,0,0,0,0,0,0,114,115,0,0,0,116,0,0,0,0,0,0,0,0,0,0,0,0,0,0,0,0,0,0,0,0,0,0,116,0,0,0,0,97,98,0,0,0,0,0,0,0,0,0,0,0,0,0,0,0,0,97,98,0,0,0,0,
0,0,0,0,0,0,0,0,0,0,0,0,0,0,0,0,114,115,0,0,0,0,0,0,0,0,0,0,0,0,114,115,0,0,0,0,0,0,0,0,0,0,0,0,0,0,0,0,0,0,116,0,0,0,114,115,0,0,0,0,0,0,0,0,
0,0,0,0,0,0,0,0,0,0,0,0,0,0,0,0,0,0,0,0,0,0,0,0,0,0,0,0,0,0,0,0,0,0,0,0,0,0,0,0,0,0,0,0,0,0,0,0,0,0,0,0,0,0,0,0,0,0,0,0,0,0,0,0,
0,0,0,0,0,0,0,0,17,17,17,0,0,0,0,0,0,0,0,0,0,17,17,17,0,0,0,0,0,0,0,0,0,0,0,17,17,17,0,0,0,0,0,0,0,0,0,0,0,0,0,0,0,0,0,0,0,0,0,0,0,0,0,0,
0,0,0,0,0,0,0,0,0,0,0,0,0,0,0,0,0,0,0,0,0,0,0,0,0,0,0,0,0,0,0,0,0,0,0,0,0,0,0,0,0,17,17,17,0,0,0,0,0,0,0,0,0,0,0,0,0,0,0,0,0,0,0,0,
0,0,0,0,0,0,0,0,0,0,0,0,0,0,0,0,0,0,0,0,0,0,0,0,0,0,0,0,17,17,17,17,0,0,0,0,0,0,0,0,0,0,0,0,0,0,0,17,17,17,0,0,0,0,0,0,0,0,0,0,0,0,0,0,
0,0,0,0,0,17,17,17,0,0,0,17,17,17,0,0,0,17,17,17,0,0,0,0,0,0,0,0,17,33,33,17,17,17,0,0,0,0,0,0,0,0,0,0,0,0,0,0,0,17,0,0,0,0,0,0,0,0,0,0,0,0,0,0,
0,0,0,0,0,0,0,0,0,0,0,0,0,0,0,0,0,0,0,0,0,0,0,0,0,0,0,0,17,33,33,33,33,17,17,17,0,0,0,0,0,0,0,0,0,0,0,0,0,17,0,0,17,17,17,0,0,0,0,0,0,0,0,0,
0,0,0,0,0,0,0,0,0,0,0,0,0,0,0,0,0,0,0,0,0,0,0,0,17,17,17,17,17,33,33,33,33,33,33,17,17,17,0,0,0,0,0,0,0,0,0,0,0,17,0,0,0,0,0,0,0,0,0,0,0,0,0,0,
0,0,0,0,0,0,0,0,17,0,0,0,0,0,17,0,0,0,0,0,17,0,0,0,17,33,33,33,33,33,33,33,33,33,33,33,33,17,17,17,0,0,0,0,17,0,0,0,0,17,0,0,0,0,0,0,0,0,0,0,0,0,0,17,
17,17,17,17,17,17,17,17,17,17,17,17,17,17,17,17,17,17,17,17,17,17,17,17,17,33,33,33,33,33,33,33,33,33,33,33,33,33,33,17,17,17,17,17,17,17,17,17,17,17,17,17,17,17,17,17,17,17,17,17,17,17,17,33,
0,0,0,0,0,0,0,0,0,0,0,0,0,0,0,0,0,0,0,0,0,0,0,0,0,0,0,0,0,0,0,0,0,0,0,0,0,0,0,0,0,0,0,0,0,0,0,0,0,0,0,0,0,0,0,0,0,0,0,0,0,0,0,0,
0,0,0,0,0,0,0,0,0,0,0,0,0,0,0,0,0,0,0,0,0,0,0,0,0,0,0,0,0,0,0,0,0,0,0,0,0,0,0,0,0,0,0,0,0,0,0,0,0,0,0,0,0,0,0,0,0,0,0,0,0,0,0,0

[player]
# player
type=player
location=1,12,0,0

[enemy]
# enemy1
type=enemy
location=10,13,0,0

[enemy]
# enemy2
type=enemy
location=17,13,0,0

[enemy]
# enemy3
type=enemy
location=26,11,0,0

[enemy]
# enemy4
type=enemy
location=30,8,0,0

[enemy]
# enemy7
type=enemy
location=46,13,0,0

[enemy]
# enemy5
type=enemy
location=41,12,0,0

[enemy]
# enemy8
type=enemy
location=53,13,0,0

[enemy]
# enemy10
type=enemy
location=57,12,0,0

[enemy]
# enemy9
type=enemy
location=55,13,0,0

[enemy]
# enemy6
type=enemy
location=45,13,0,0

[key]
# key
type=item
location=61,12,0,0

